translation_vector: 0.00000 0.00000 0.00000 
rotation_angle: 4.9040772962216
marker_id: 7