translation_vector: 1.00000 0.00000 0.00000 
rotation_angle: 32
marker_id: 7