%YAML:1.0
---
camera_matrix: !!opencv-matrix
   rows: 3
   cols: 3
   dt: d
   data: [ 8.1194553219781358e+02, 0., 3.2476983253291047e+02, 0.,
       8.1194553219781358e+02, 2.3684076082985322e+02, 0., 0., 1. ]
dist_coeff: !!opencv-matrix
   rows: 14
   cols: 1
   dt: d
   data: [ -2.7896257178115164e+01, 1.4795710374218947e+02,
       -3.3646690811459291e-04, -1.3451665557858868e-03,
       2.2729148139923741e+03, -2.7934226412956615e+01,
       1.4917442644811774e+02, 2.2640084105822111e+03, 0., 0., 0., 0.,
       0., 0. ]
